,Unnamed: 0,ResponseId,ConvertedCompYearly,C++,HTML/CSS,JavaScript,Objective-C,PHP,Swift,Python,Assembly,C,R,Rust,TypeScript,Bash/Shell,SQL,C#,Java,Node.js,PowerShell,Ruby,Perl,Matlab,Kotlin,Julia,Haskell,Delphi,Go,Scala,Dart,VBA,Groovy,Clojure,APL,LISP,F#,Elixir,Erlang,Crystal,COBOL,PostgreSQL,SQLite,Elasticsearch,Redis,MySQL,Microsoft SQL Server,Oracle,MongoDB,MariaDB,DynamoDB,Couchbase,Firebase,Cassandra,IBM DB2,Laravel,Symfony,Angular,Flask,Vue.js,jQuery,Express,React.js,Angular.js,Ruby on Rails,Django,FastAPI,ASP.NET Core ,Spring,Svelte,ASP.NET,Gatsby,Drupal,Heroku,Microsoft Azure,AWS,Google Cloud Platform,DigitalOcean,Oracle Cloud Infrastructure,IBM Cloud or Watson
Unnamed: 0,1.0,1.0,-0.009613433884483364,-0.03133592864609772,0.006400980122483267,0.01440077993732462,-0.0202054417029553,0.0035798992860068446,-0.0052702686590819425,-0.011257152539536243,-0.018499438581213445,-0.03731528813034178,0.03179623000834442,-0.12376796162356953,-0.03352003492812358,-0.02376998105555429,-0.008733948742750502,-0.014286613455595065,0.006460396051113721,0.005094184476487165,-0.014451759556631045,0.014031891944343481,-0.015422468840689485,-0.0006025152524423242,-0.02206919310840166,0.05268220502710362,-0.011639936488320188,-0.02465428035219337,-0.02959371495232443,0.011299389121155046,-0.00446556011711433,-0.011788221964308879,-0.003766921861979864,0.12074664699221199,-0.017086116942970995,0.022850827843274624,-0.02249224124333219,0.010388709048892667,0.011774816619859659,0.007641221345366236,0.023696722034555192,0.007749297227944414,-0.029463931516431282,-0.007204781402996506,-0.009517173960911311,0.017211193927447757,0.001462968741372447,0.006333811829964172,0.010272535563190499,0.0018114567951173744,0.008003576959126435,-0.004184141165199003,0.013523435635246762,0.0077648776570618016,0.010512024926206847,-0.005373426426826452,0.0033164004587743633,0.020716853527101526,0.006693028882901331,-0.018522244539060474,0.005851230550695217,0.011450547593906481,0.015599035527879588,-0.006177183983431722,0.017083730908143597,0.012845036562689167,0.008755321095617292,0.0009164086113316158,0.01303847413545143,-0.001248420239956299,0.002618940772656039,-0.016326011924496946,0.008506616356302319,0.02316445875810085,0.003265330853014734,0.014732650949670011,-0.020750523470254245,0.003961459479856482,-0.005330733250947005,0.013714182626837946
ResponseId,1.0,1.0,-0.009613433884483364,-0.03133592864609772,0.006400980122483267,0.01440077993732462,-0.0202054417029553,0.0035798992860068446,-0.0052702686590819425,-0.011257152539536243,-0.01849943858121344,-0.03731528813034178,0.03179623000834442,-0.12376796162356953,-0.03352003492812358,-0.02376998105555429,-0.008733948742750502,-0.014286613455595065,0.006460396051113721,0.005094184476487165,-0.014451759556631045,0.014031891944343481,-0.015422468840689485,-0.0006025152524423242,-0.02206919310840166,0.05268220502710362,-0.011639936488320193,-0.02465428035219337,-0.029593714952324424,0.011299389121155046,-0.00446556011711433,-0.011788221964308879,-0.003766921861979864,0.12074664699221199,-0.017086116942970995,0.022850827843274624,-0.02249224124333219,0.010388709048892667,0.011774816619859659,0.007641221345366236,0.023696722034555192,0.007749297227944414,-0.029463931516431282,-0.007204781402996506,-0.009517173960911311,0.017211193927447757,0.001462968741372447,0.006333811829964172,0.010272535563190499,0.0018114567951173744,0.008003576959126435,-0.004184141165199003,0.013523435635246762,0.0077648776570618016,0.010512024926206847,-0.005373426426826452,0.0033164004587743633,0.020716853527101526,0.006693028882901331,-0.018522244539060474,0.005851230550695217,0.011450547593906481,0.015599035527879588,-0.006177183983431722,0.017083730908143597,0.012845036562689167,0.008755321095617292,0.0009164086113316158,0.01303847413545143,-0.001248420239956299,0.002618940772656039,-0.016326011924496946,0.008506616356302319,0.02316445875810085,0.003265330853014734,0.014732650949670016,-0.020750523470254252,0.003961459479856482,-0.005330733250947005,0.013714182626837946
ConvertedCompYearly,-0.009613433884483364,-0.009613433884483364,1.0,0.02822950501257217,-0.125469106535287,-0.0812061554171282,0.04345011916627944,-0.10674912697881443,0.03655118310817737,0.034668892831953506,0.01810897185158247,0.02287276972549098,-0.03713255255098392,0.06378042021372436,0.022844273279513973,0.07643880584297977,-0.06805867854437773,-0.10074416731325546,0.06603541796881358,0.0021946823339406302,-0.06615127109020465,0.08762237467909485,0.02071764825345533,-0.020435300285739536,0.035429029839842814,0.008925851131433038,0.015384643837765444,-0.028195826586923316,0.13610225998782358,0.09609200084374367,-0.012033726478560313,-0.07540273732871774,0.07418468404374641,0.10811772733763031,0.023980234694184168,0.021566626029904144,0.010433400539370571,0.0554586284273256,0.04714014781902273,0.0035435118315832776,-0.01238143292342854,0.10947522015033273,0.014090696169757755,0.12683627440288897,0.1346267404009195,-0.05240723057142203,-0.12677894568069198,-0.06048476958522298,6.187485579611367e-05,-0.017753126987959295,0.15977250438172033,0.027462547504700428,-0.015881381727532107,0.06879295879738753,-0.031059745540981384,-0.06037774832654435,-0.0333961955414007,-0.039461412725984295,0.026200245642532496,-0.05094947036207691,-0.10383806186736952,0.0012193524631565096,0.026406322927686236,-0.022751204114406443,0.0667722902898981,-0.012731435101462935,0.023723793401470628,-0.06866668322721854,0.013344501237486667,0.02148786347313106,-0.09272236436162484,0.004445815360614341,-0.03889495210348571,0.00680917009750692,-0.023068143500939515,0.16031509840456828,0.08147098530721579,0.003712599497848258,0.010329704123107403,0.02299498642752729
C++,-0.03133592864609772,-0.03133592864609772,0.02822950501257217,1.0,-0.09820645498528063,-0.12750803309251008,0.09569409991495892,0.0035647087886100364,0.03706400467910141,0.19605612255603228,0.26003726816641826,0.5309312510853662,0.02915746123725256,0.12819762779774685,-0.0841822537948484,0.11985439921637128,-0.10389327834050642,0.03693015146575053,0.06297790986990455,-0.03465516260373054,0.030210311605319153,-0.05619002140054137,0.12465218494238031,0.16759407631115916,-0.010913887126600224,0.04651855147152792,0.036280322895686334,0.05432072177748593,0.055732666381968936,-0.011483679840296348,0.013934131683649828,0.025282440378278936,0.005964198439226071,-0.05070247170948475,0.00419529218590661,0.035700250093667917,0.030023597600640908,-0.027592497449501693,0.008685056569432328,0.010273181771988703,0.04998524034723665,-0.05964450130663283,0.09807115092391046,-0.04839436552317208,-0.05309135847526383,0.003948318548252231,-0.08609853743959751,-0.014191074075164678,0.013208088174107976,0.026533728429722424,-0.03742418076475641,0.017937393789854775,-0.008351267130006116,0.009168024530215807,0.0023753811318610652,-0.018821247995934976,0.0010081421593613686,-0.03796046208000482,0.05309914431669736,-0.04321231817405,-0.04563376928383852,-0.03606687210602417,-0.11066608030920724,0.001736342956335974,-0.0787982615044718,0.021471710345321908,-0.0009951052685964348,-0.04796817643231219,-0.040393397979777965,-0.002473325723787481,-0.04646042395244226,-0.02964389801185939,0.00864232518577116,-0.05546010535695073,-0.03504083899709352,-0.08053198460424979,-0.01347960014892563,0.015751698743256725,-0.0011814993708776816,0.01625246912425615
HTML/CSS,0.006400980122483267,0.006400980122483267,-0.125469106535287,-0.09820645498528063,1.0,0.5555251556442552,0.0014122794690752069,0.19341550115628522,0.004461048646119133,-0.048641888991726695,0.00875372292317996,-0.06639718493122282,-0.021315847224823388,-0.022929815251995764,0.2958546719653271,0.07546372791582644,0.23502586119457608,0.12381331900786532,0.002748184665272943,0.3309868152980358,0.12424291351819537,0.07510339040058779,0.01685689964362804,-0.029439616286544214,-0.027732350724541756,-0.0383695548191888,-0.003567693404778072,-0.02228279968487323,0.002879493614930965,-0.02883631936406014,0.03445803747462687,0.040951657445834184,-0.0009096860029224697,-0.05211036663172125,-0.011110622785885389,-0.0026762984752156218,0.003519082236849148,0.003383302706897892,0.003692109522491446,0.02655693658743687,0.026155744814019454,0.0685430831622033,0.07415468817321749,0.04396376206331949,0.10493019349969517,0.1687911814178281,0.13371230560439334,0.04312553757963925,0.10484473768829905,0.09639888241973672,0.016245049570465065,0.008079668275826549,0.10844157708082529,-0.010785851683749553,0.015680867400400905,0.0928831839076207,0.06584654541185453,0.20172270764914527,0.032343065311838365,0.18400358346571122,0.31011572724013986,0.19854078763009958,0.25533673406623625,0.16305240216012132,0.08422438834874874,0.06767991615977685,-0.00812724799881935,0.14896594964651175,0.023323651745236436,0.07896780904254103,0.16796818803449684,0.11282592132499454,0.0799220839922522,0.12891806846360404,0.11278927223749798,0.035479678528534744,0.06616871342992982,0.09733511933922066,0.003198442316231437,0.015529977921287538
JavaScript,0.01440077993732462,0.01440077993732462,-0.0812061554171282,-0.12750803309251008,0.5555251556442552,1.0,0.019367188670572535,0.19871157760796634,0.02140703181133563,-0.07946895481845151,-0.021257627660585133,-0.09742413936353336,-0.07684802847130967,-0.015016571020184407,0.3783797636423619,0.041406796065289395,0.21434973880659275,0.10124571476826644,0.05393837823519123,0.43345020032271864,0.08052756110162652,0.11811774410341751,0.002078623804480448,-0.05230887076881123,-0.011376330849035238,-0.05835662880714457,-0.002086174460203442,-0.02808407432498314,0.027357490321011847,-0.01730764071300512,0.05073426280935021,7.543210604806866e-05,0.013781545574019782,-0.03984882315592662,-0.014307303762538593,-0.01413716230949593,0.0173831740763216,0.03973314353083961,0.013388666895641919,0.009200571656570122,0.026189323453442933,0.13426611527534452,0.07349775146583772,0.1050073008463185,0.15785106348566003,0.17182288434829876,0.10779866511444575,0.02103199580222296,0.14788678512068884,0.09732986995252703,0.07455484828917831,0.034396420690882376,0.13048574313492084,-0.0004598178587076214,0.0020835697578964465,0.11663226828744962,0.06217317394263822,0.2013209728078123,0.031486997272947924,0.22649593552229058,0.3315915543726602,0.25939154866363345,0.3844010644395676,0.17339786804096044,0.12644236120339303,0.05933224460308288,0.018836939996403956,0.15783532272545198,0.06478860408111328,0.06824172541076742,0.16185798789589464,0.11744364295676714,0.07750372725741415,0.16677301080587134,0.10750061759455633,0.1415823199403481,0.10221588839095237,0.1227687594546685,-0.005026093506666241,0.006317578140294157
Objective-C,-0.0202054417029553,-0.0202054417029553,0.04345011916627944,0.09569409991495892,0.0014122794690752069,0.019367188670572535,1.0,0.08137938393186654,0.4697028902332428,-0.005293376923046869,0.04038977608731895,0.09903422957790387,-0.005533350645030442,-0.00012359883555103075,0.027712446187164973,0.033556382087624924,-0.01734143004407461,0.008797729312818765,0.0917084893229971,0.046961566106897716,-0.0063110076912696505,0.03722825471069644,0.06845968534277828,-0.005452578608763772,0.14355890763368018,-0.013011860732324975,0.0031024804695338436,0.01697694020579607,0.04003321495782253,-0.001357354027535555,0.07287283248037162,0.008076279765098775,0.009909944775576248,-0.011505610479139115,0.01864738275723591,0.024849952568230284,-0.0024791297754884188,0.01735536892816873,0.01466077432484509,0.009403430986508173,0.018756716556498187,0.006902452164837792,0.1146026290481886,0.0114337626940532,0.026954226847789413,0.048740143463770334,-0.012809793246061985,0.012681166235018174,0.04290405636162507,0.025359216281435133,0.017292059291273153,0.022649355319325794,0.1023191300859754,0.005895580285269612,-0.006246082043737325,0.06846104327944169,0.04303226301998798,0.003709663152761064,0.007009319831523491,0.018268678844656605,0.01989970939630843,0.04040589460739569,0.014114590502008962,0.03454418970728648,0.020346351070218233,0.014843146622609736,0.005088721699950329,0.00707452168242371,0.018605219012875426,0.011912133247651628,0.003937903230557699,0.01924386315463829,0.08114583325646652,0.044075938862442154,0.01472992249111802,0.02816168049155062,0.03715630899163281,0.04005417187460926,-0.00334534934453423,0.044388129849320127
PHP,0.0035798992860068446,0.0035798992860068446,-0.10674912697881443,0.0035647087886100364,0.19341550115628522,0.19871157760796634,0.08137938393186654,1.0,0.03955012636685795,0.0017540917169992063,0.011590085247627151,0.014813382247806026,-0.01597136521350136,-0.025623927574235365,0.036109721293717714,0.069118144311542,0.1617130734793196,-0.014296329215517472,0.005787234102735938,0.1520867529979962,0.03586878322681908,0.022633314017751822,0.10387728124814528,-0.007550589074002635,-0.002016166500018845,-0.013549487615760844,-0.008445774103398414,0.027847536330077464,0.0183584662827996,-0.03761197858768989,0.018792004769891416,0.05114506823082689,-0.019621352435812985,-0.02903594121056093,-0.012669435748649285,-0.020353234926936623,-0.022173690378133062,-0.006029054566899795,0.005269667315880833,0.01947615705314679,0.022684927478099137,0.008395843756200182,0.10680052364347314,0.05670134106970149,0.09513109332441944,0.3785697963414768,0.009938202253302149,0.01771894788399972,0.05519657594892147,0.3355261690811267,0.015392164601399142,0.020801115835130717,0.03713092500804778,0.006760189820595637,0.013000866060875587,0.45518479717650023,0.30189260677921725,0.030643329789530313,-0.010967702764652051,0.18979639910615873,0.2748700286446196,0.07523234579728269,0.08322472930133334,0.07534011427374371,0.024632818964744323,0.031453015874039265,0.0030754830647977305,-0.021846283306605242,-0.015698597020236644,0.02970305614527349,0.010619311830176306,0.05549343876204264,0.29627156067331156,0.05737271654732911,0.010958823164579337,0.09940941945903074,0.06290371340772437,0.15520232867769554,0.004240480328963426,0.007025473152205047
Swift,-0.0052702686590819425,-0.0052702686590819425,0.03655118310817737,0.03706400467910141,0.004461048646119133,0.02140703181133563,0.4697028902332428,0.03955012636685795,1.0,-0.0003916795486399727,0.004848148010856276,0.06299350526785953,-0.007468924228380806,0.019563523773865166,0.05377324610370098,0.00046657330105394487,-0.04122254733592977,-0.018911250645436636,0.0695068602181708,0.05576486740128423,-0.025363480473113847,0.03236342706111421,0.01739569016823013,0.006985558476259506,0.21920139826124013,0.0009905251117710715,0.011700358871768554,-0.007405528395705801,0.02155387334720953,-0.015070261930119797,0.10667032431829761,-0.017542721441946723,0.011977724255073667,-0.017641042047921426,0.020959227756088585,0.0157420426392985,0.0020358431458348102,0.04321288370728973,0.02856059649146305,0.025869177765578597,0.033104476223330986,0.018745328162580326,0.11447287947757791,0.010591973285626752,0.02520536251369828,0.026635823018648256,-0.03329477814297356,-0.006398795524239099,0.054796480745033994,0.004308495712844831,0.03592318499707762,0.0317476354047541,0.18892076823458634,0.0018386407805807998,-0.0016689471623326832,0.0434465693605274,0.02166702381510336,0.02242976640745883,0.0021850692281825354,0.012201023967661729,0.0007713421124061369,0.05232138742392804,0.034786031756201624,0.01381231496115734,0.01570546941561886,0.013030471628456025,-0.00802743581573971,-0.014209113856593611,0.016716388578336495,0.02643269376491927,-0.016968491382365617,0.025870016742375698,0.041711596752091684,0.05166921301286241,0.004599384191452157,0.034229230184522993,0.06568109890889162,0.06174378996389517,-0.00022959648769677984,0.023695704739949034
Python,-0.011257152539536243,-0.011257152539536243,0.034668892831953506,0.19605612255603228,-0.048641888991726695,-0.07946895481845151,-0.005293376923046869,0.0017540917169992063,-0.0003916795486399727,1.0,0.08868443599816843,0.20110480543133108,0.14246946853239664,0.11071784356029618,-0.0924199503630486,0.23983487351653246,0.010636750879162195,-0.16084171799899652,0.08169517126004108,0.023593716629733544,0.018776372857782678,-0.03131106342990721,0.0776817959751175,0.11335125550526856,0.024969881735974735,0.065267853221803,0.056438641760652185,-0.03089327152442871,0.1376726592308487,0.06630649104534118,0.019193207055465757,0.018751879919346147,0.05902047014239363,-0.02280940693085553,0.02288571920311944,0.04539080529949749,0.002496004862855368,-0.00988250614140593,-0.0032373510574065533,-0.010802658204010194,-0.004057912766899955,0.1438214867923155,0.13381239362939235,0.07951535214572156,0.050627137574978096,0.06926277932543948,-0.14092280239751045,0.0002522199778045029,0.06921768804941396,0.07428993893599364,0.0838647564280716,0.016100303482666774,-0.006572252235829386,0.032168562389533015,-0.0027224216344458258,-0.0014790507970241684,-0.0014202035131546528,-0.07696063463575584,0.35496966586352985,-0.008785987895345435,-0.07210595849541696,0.022249659596783142,-0.024190898428077808,-0.03638193963445836,-0.07365408005067221,0.2873260669912889,0.1658398991755522,-0.17042807131912405,0.0034503547943753477,0.012920452100175325,-0.15907687980578727,0.014889593854383308,-0.00516672482309509,0.012380260033343698,-0.06795622474286424,0.12199086037676014,0.09797232662975991,0.05093392734062731,0.01432205095239905,0.03342587818436017
Assembly,-0.018499438581213445,-0.01849943858121344,0.01810897185158247,0.26003726816641826,0.00875372292317996,-0.021257627660585133,0.04038977608731895,0.011590085247627151,0.004848148010856276,0.08868443599816843,1.0,0.3732964375141238,0.04129569974043803,0.14155046386567027,-0.037753757932404375,0.12060340015118547,-0.018707587765817785,0.014372918378216509,0.05320745960517601,0.0021871916692348097,0.030427837317107166,-0.0022293520045205996,0.11558585923957766,0.08599276880947036,0.018857995703965708,0.0278164608017639,0.09172506476044572,0.03867536126702152,0.04709005605325717,0.01514592169229161,0.013185225671794117,0.048458768842890555,0.013557297504525175,-0.01520855513957011,0.018788272183913952,0.09120186935400307,0.029201043536703244,0.013688448062546146,0.05606049539063597,0.018002283354984137,0.10305956959222766,-0.012167839575753469,0.08698966264011165,-0.013631789151168016,-0.019137904821063572,0.03315649868021828,-0.04105134784698997,0.0280446152779173,0.021238432158957602,0.054017389005524316,-0.008563200674902802,0.02289573252716373,-0.0006552136198876273,0.010984832003674345,0.007862194318937324,0.01392790043452336,0.026542356441712368,-0.02184722124976671,0.0473828611217386,0.0044321086323652606,0.00601002676191461,0.003992591575822216,-0.03099037884002397,0.005890926565773405,-0.011324588872270504,0.015329952440560414,0.009806891253998995,-0.02818914507265481,0.009633003082450247,0.0022874525629891273,-0.01639888116275277,-0.010395244899801863,0.040054956595280695,0.0015406354166503371,-0.018363534680769872,-0.015875685047035883,0.02135351375021074,0.03635203729626118,0.004183641018690244,0.03864850428952635
C,-0.03731528813034178,-0.03731528813034178,0.02287276972549098,0.5309312510853662,-0.06639718493122282,-0.09742413936353336,0.09903422957790387,0.014813382247806026,0.06299350526785953,0.20110480543133108,0.3732964375141238,1.0,0.038893231174173065,0.1814050227332392,-0.09651364719691453,0.16866884171408195,-0.07992999583207333,-0.01658171949130101,0.06594667774320062,-0.027744304027473337,0.023309803188340857,-0.015170635837643337,0.1907910238548453,0.159850836073878,0.023061934780888364,0.039333307351266326,0.0864228759925619,0.038641336416728546,0.10560766736434177,0.00436475907181165,0.03395552234982479,0.0205850685196337,0.017458933257806633,-0.025457066304957376,0.024025592113341647,0.0885857532994506,0.010462590099682124,0.0038065802562177314,0.04435709482125264,0.023533918202955275,0.055343109241942384,-0.02770218294896085,0.12142208645678015,-0.01621773074701802,-0.028029054523172198,0.02577285584121088,-0.08855579745394238,0.014010067984706758,0.01724993221833794,0.07035356796186354,-0.03653650963876277,0.03022675704182725,0.0012794854949357908,0.018913951188097786,0.0075846108618741635,-0.01895437750053164,0.021927517665617888,-0.05027663748560553,0.09651360283190757,-0.028226818468331645,-0.02242333664379564,-0.017454243333485848,-0.09707151385150493,-0.020204947546461283,-0.04518435641110768,0.03835332205249731,0.018850838999890273,-0.08263460900723102,-0.016754781690462565,0.021364165540005052,-0.07564601385516602,-0.025661276506128004,0.033806265213191265,-0.03217248468501615,-0.05196467758288064,-0.054422994046798935,0.022535562250885505,0.02538454008250123,0.03484145289752218,0.04150017212528651
R,0.03179623000834442,0.03179623000834442,-0.03713255255098392,0.02915746123725256,-0.021315847224823388,-0.07684802847130967,-0.005533350645030442,-0.01597136521350136,-0.007468924228380806,0.14246946853239664,0.04129569974043803,0.038893231174173065,1.0,-0.0077635822102343046,-0.07759786657487695,0.05817700129530875,0.06082222391743292,-0.0655189624414737,-0.02097164930145455,-0.04989828025711527,0.00709693474834244,-0.009196494392104518,0.04953064590139229,0.11872228084749357,-0.024239455074355282,0.14119496426533099,0.04467384272447329,-0.004553269284243633,-0.012097488456773966,0.047868083506478594,0.0010223688133058305,0.05029984871454674,-0.009912670545466708,-0.0026859214020209833,0.012249797051602446,0.04428603579300336,0.000708090803816484,-0.02471778935521705,0.0052091013273252,0.0021379455405333802,0.04643508307620629,0.03559414428444808,0.07646457559516291,-0.007665356851782475,-0.038968154899799434,0.051505052809831836,0.025622444767892345,0.06397772708849482,0.006350695654913009,0.013970340638249316,-0.02330434376373571,0.005995123761702002,0.003916219167256466,0.011043325195152717,0.026798650664872237,-0.02383681269803105,-0.01960384621712338,-0.03291835126775206,0.07944727756234446,-0.04124532545863578,-0.02807778670868609,-0.04784803688424731,-0.04947716630932417,-0.01942589293259537,-0.014145125372392377,0.03693946644147992,0.02311338845611092,-0.04101546631211507,0.0010306915216066915,-0.008273398790723216,-0.04634949063016648,-0.006652840051909611,-0.008351354644187205,0.004282704994963033,0.011241216941656059,0.027048252271345864,0.04099467398474723,0.0012176222372809414,0.034036035094388836,0.02417913582622198
Rust,-0.12376796162356953,-0.12376796162356953,0.06378042021372436,0.12819762779774685,-0.022929815251995764,-0.015016571020184407,-0.00012359883555103075,-0.025623927574235365,0.019563523773865166,0.11071784356029618,0.14155046386567027,0.1814050227332392,-0.0077635822102343046,1.0,0.051331676655216034,0.08525590247476143,-0.04456612758162282,-0.057915394615100924,0.02650370403604438,0.035513743206860605,-0.0130280925449046,0.03204264205459284,0.009298522445242445,0.008139420486497037,0.0651374341324898,0.051481891879244915,0.14299154337019432,-0.0210694507190308,0.18828834932310334,0.05319585599314902,0.021123182341643187,-0.035349272763475006,0.0013630722932547019,0.024683711519907107,0.01208557845035739,0.06367929263132471,0.03894402782886845,0.08655718164853014,0.05282319649296212,0.023552137915172328,-0.0069369248535096064,0.09718892262680447,0.07249480011871588,0.04066753845699047,0.0626857814954371,-0.007575732584028739,-0.10586140681066614,-0.042578809350675366,0.029410257967899884,0.036913783312126136,0.02194188448087178,0.026688202249295297,0.013985353479558602,0.0332760930094476,-0.02956905039201911,-0.008690233061192798,-0.0026564228851293993,-0.027634732165290592,0.06325874565455054,-0.0015021378754508715,-0.07156184167458914,0.029223993497300194,0.028284859053642763,-0.01544874420797222,0.008699835599386353,0.022681951657443515,0.05468842550828026,-0.06802065399244422,0.0011977695597610845,0.08667006060009118,-0.08106232606454254,0.013205283443891859,0.0002144003529438215,0.009592106709349669,-0.03437708888716771,0.04699108616976587,0.07388689763435838,0.09656364376836349,-0.0005749807650853765,-0.0005425388922870259
TypeScript,-0.03352003492812358,-0.03352003492812358,0.022844273279513973,-0.0841822537948484,0.2958546719653271,0.3783797636423619,0.027712446187164973,0.036109721293717714,0.05377324610370098,-0.0924199503630486,-0.037753757932404375,-0.09651364719691453,-0.07759786657487695,0.051331676655216034,1.0,0.0031405460320234322,0.09060330991407203,0.14714025890385077,0.04922244666825977,0.38808788858699217,0.0969302355491844,0.01685675854639279,-0.05432169437437787,-0.04090366983859786,0.0681278667621703,-0.02662268516117339,0.010758077079645689,-0.024731908750903735,0.07307047597577768,0.018538233539235647,0.053780936338452295,-0.02668028166020084,0.023638512849173017,-0.025391871999485158,0.003997830876458981,0.0017446179779695304,0.04342595124722751,0.014852046739074067,-0.017377060775682133,0.0022886624509529927,-0.00013206966328248865,0.09906907257063206,0.01982055476399751,0.0968026505135293,0.14323231619019566,0.042566884637344427,0.08979945770049419,-0.02411815965847806,0.15283221111586845,0.0015999583017657101,0.11257492933248987,0.03164685540449264,0.15431971146533993,0.0031344728062192126,0.00618955355691771,0.03047304855732335,0.013957889482885481,0.4159972119938087,-0.009916622224378056,0.12112088063356947,0.06000283019543488,0.2890666410972998,0.34563357132126604,0.19680208377032984,0.01631995694868309,0.0038756996646237374,0.011919986963560149,0.18895472656966414,0.0731620285331209,0.09208507423046386,0.1338880519619627,0.12594920297153034,0.009003374695891153,0.08443148600283296,0.14526419866714385,0.12108072839692155,0.11183021378956444,0.055850927440290264,-0.028847565529592764,0.010294259655214202
Bash/Shell,-0.02376998105555429,-0.02376998105555429,0.07643880584297977,0.11985439921637128,0.07546372791582644,0.041406796065289395,0.033556382087624924,0.069118144311542,0.00046657330105394487,0.23983487351653246,0.12060340015118547,0.16866884171408195,0.05817700129530875,0.08525590247476143,0.0031405460320234322,1.0,0.09380829776649917,-0.12512142080248426,0.11273031154517466,0.130826510105542,0.10754945811277158,0.09534223010357702,0.14934299668351841,0.03011657066040654,0.01745829750005482,0.030673864702728718,0.07982756472039891,-0.029139488669710317,0.16578483196827565,0.05684013702507791,0.012551540402172963,-0.004984885688667778,0.11106067833597535,0.023008561936570932,0.010484357624168078,0.0706498929149706,0.0040282113569375865,0.015467141075476117,0.022963667470966228,0.023777329185746498,0.014080681686173751,0.1511084876966691,0.11928328171214446,0.11263677172638438,0.11334159311753808,0.10750397269628019,-0.11421651536718874,0.03816484817592156,0.05587126047460679,0.12644787273508853,0.07992009640486014,0.02946495793080622,-0.007754168559279595,0.048852077814171245,-0.012469420806629872,0.012159210439416696,0.05140155913944059,-0.05473840746295977,0.12536827023111718,0.0019040256180137183,0.009130317654543122,0.058502685473408395,0.03174209616139674,0.007359926184201218,0.050989443213049955,0.06192117466571338,0.06173317113248917,-0.10457485302525663,0.051372110979742085,0.03049167566132403,-0.11823512764293541,0.023664109534242875,0.04963053521792926,0.047693512353679836,-0.022394088790134593,0.13741013525067744,0.08339043746985594,0.07777883939584526,0.03503162520332719,0.023503179216406662
SQL,-0.008733948742750502,-0.008733948742750502,-0.06805867854437773,-0.10389327834050642,0.23502586119457608,0.21434973880659275,-0.01734143004407461,0.1617130734793196,-0.04122254733592977,0.010636750879162195,-0.018707587765817785,-0.07992999583207333,0.06082222391743292,-0.04456612758162282,0.09060330991407203,0.09380829776649917,1.0,0.21274405342120223,0.06556800108564942,0.1056775851933967,0.1836466220136178,0.03592646029915983,0.043534983944410875,-0.0479150228411606,-0.015825380387905347,-0.03270382516423276,0.008245318684673089,0.01688319112781058,0.01262272520346253,0.027811350132172466,0.01147872744725627,0.11714554147210755,0.030640528176432348,-0.029471814351668242,-0.004513867289619426,-0.004777165586608743,0.025040355749336354,-0.0013146512028652034,-0.013057876960439519,0.02591557751796232,0.024273050684408305,0.119756966280684,0.13018364188082227,0.07978833917711671,0.12628137039238044,0.21097340551165206,0.35002198826049175,0.14871960240179244,0.01803620272250528,0.12711886404787373,0.026118460426949375,0.01822027974033674,-0.007152638781970417,0.019884356439248334,0.05867809964779534,0.08923575624838986,0.06334984413147322,0.10583926177432672,0.048487320362315914,0.06541723335168832,0.23249005214699092,0.0313692119028856,0.03696552343381131,0.09292213464389587,0.043446915653801176,0.04680506221284011,0.016008116081005774,0.20958200500393387,0.07156214588718245,0.01358397687172295,0.23972020153263948,-0.00744999404581033,0.05428546169675438,0.01871439980905637,0.1520488205792905,0.06275068631294749,0.04448491401072779,0.03764044194652802,0.016704259391128108,0.005822750148183987
C#,-0.014286613455595065,-0.014286613455595065,-0.10074416731325546,0.03693015146575053,0.12381331900786532,0.10124571476826644,0.008797729312818765,-0.014296329215517472,-0.018911250645436636,-0.16084171799899652,0.014372918378216509,-0.01658171949130101,-0.0655189624414737,-0.057915394615100924,0.14714025890385077,-0.12512142080248426,0.21274405342120223,1.0,-0.08105702067989312,0.009209782309687988,0.3555072963881402,-0.13543701200594985,-0.03633618081325857,-0.021232603013087974,-0.03857793399738789,-0.029880152234955132,-0.023789838967426216,0.053286376475997564,-0.08996799124225181,-0.07190139658492901,0.029240987466166872,0.153731578038304,-0.04460882004298582,-0.10391321242005273,-0.013768951527491259,-0.03913694802952695,0.12038109542220217,-0.06906760550036632,-0.025877656345520073,0.008561699009548836,0.03703171995832961,-0.17800316137041886,0.020619193709987813,-0.03321032861555286,-0.05407141683307241,-0.03573675755719379,0.5728883086387512,0.03825442768621673,0.008186214865954201,-0.052307951368525604,-0.052616094188604176,0.007008725965514821,0.0011254353831561452,-0.02109334534836721,0.016086918187537606,-0.03267971316200093,-0.010606731836357125,0.198098724950693,-0.09097517399715162,0.011671822948315022,0.16409978142467618,-0.03845730367296171,-0.050031102815086284,0.1393678434280342,-0.13148896582674074,-0.07961441242649323,-0.06124762056835181,0.6706807713326616,-0.08273417215754596,-0.013968913107582201,0.5961823593926275,-0.03299556103483927,-0.00045438247722802606,-0.09028984879428427,0.402927174637815,-0.18157429960383276,-0.0740977873591295,-0.07394527101710897,-0.025262439291540137,-0.013278760554534329
Java,0.006460396051113721,0.006460396051113721,0.06603541796881358,0.06297790986990455,0.002748184665272943,0.05393837823519123,0.0917084893229971,0.005787234102735938,0.0695068602181708,0.08169517126004108,0.05320745960517601,0.06594667774320062,-0.02097164930145455,0.02650370403604438,0.04922244666825977,0.11273031154517466,0.06556800108564942,-0.08105702067989312,1.0,0.09934610050213988,-0.0072052382622062655,-0.03190058031267747,0.068281272311465,0.013912593349803513,0.26368925133755516,-0.005907120630897484,0.020662768274141173,-0.007669683452338783,0.06336657676162026,0.12393534123795641,0.05078700880389538,0.0014610995626531632,0.2170646332620831,0.03479122864987672,0.00815628439052556,0.028801949721077802,-0.010263551083995735,-0.04226355795668814,-0.012703261916116705,-0.008659112494907747,0.0590163507559412,0.05209680391942569,0.06315958924079829,0.0655849401688285,0.017164983157027424,0.11258637180490001,-0.04733791111943983,0.1954220047208512,0.09135566692662228,0.05046334910782601,0.11988775518279883,0.04281626360340931,0.06331019928621046,0.1054922811317984,0.09382933812842847,-0.011796846979998006,0.0032345224308428892,0.09360850352321043,0.01883328932820246,-0.017126218393406133,0.032096178694565304,0.05241758976978608,0.04326996228008941,0.08130820933776048,-0.06788687301099593,0.009890367986683564,-0.003002295583863685,-0.08296772362131785,0.49183973476032017,0.019563063971917476,-0.07505104660101472,0.0039021105271987485,0.037465940664463,-0.006877702319876336,-0.044951389864437086,0.1183505383168515,0.0687548240881142,0.0031264855054763466,0.031809836852919146,0.021219732289060333
Node.js,0.005094184476487165,0.005094184476487165,0.0021946823339406302,-0.03465516260373054,0.3309868152980358,0.43345020032271864,0.046961566106897716,0.1520867529979962,0.05576486740128423,0.023593716629733544,0.0021871916692348097,-0.027744304027473337,-0.04989828025711527,0.035513743206860605,0.38808788858699217,0.130826510105542,0.1056775851933967,0.009209782309687988,0.09934610050213988,1.0,0.06645707459919899,0.06578025217959707,-0.0018583162400725704,-0.038066834734923116,0.0495096900101287,-0.028404802696561406,0.01593369423726253,-0.013280908632770427,0.0984442077197616,0.010850202898215961,0.06816408420087876,-0.02500875726989241,0.05375818963449198,-0.025469889354920453,-0.016715360027374022,0.015135875247836045,0.02079627900691708,0.026777195464085704,0.01938927436507138,0.0029499975743608586,0.008269662356155024,0.15017667161334547,0.07167009912197496,0.10548794963433909,0.1660627755635319,0.15175091423184,-0.01223251194754144,-0.01894736645919693,0.22898795270658318,0.09536045361655779,0.16186496545348916,0.04676862002809195,0.1768347062464894,0.020659427401062087,0.0022115849135688945,0.0953445199979278,0.06961305583905446,0.14130265941223508,0.04176376723859973,0.20034789956444987,0.14519471060877026,0.479891068978292,0.39117393593300276,0.13039179397625345,0.04834992632785145,0.0436312862940986,0.013211329897938419,0.028087258682114227,0.07322279090221337,0.11377496395507039,0.023329569127279143,0.15302583178033433,0.08642824286786094,0.18142283113879798,0.06411415078099046,0.18953619609589753,0.14406046270052425,0.1407720863363986,-0.005984510665888202,0.040798068870572746
PowerShell,-0.014451759556631045,-0.014451759556631045,-0.06615127109020465,0.030210311605319153,0.12424291351819537,0.08052756110162652,-0.0063110076912696505,0.03586878322681908,-0.025363480473113847,0.018776372857782678,0.030427837317107166,0.023309803188340857,0.00709693474834244,-0.0130280925449046,0.0969302355491844,0.10754945811277158,0.1836466220136178,0.3555072963881402,-0.0072052382622062655,0.06645707459919899,1.0,-0.06901928477396212,0.03217611008712866,0.019982851185496562,-0.023266460279541486,-0.018442709303648046,0.0019874757078575077,0.0304185943755939,0.004318000936822783,-0.015206074489394886,-0.005142563361646157,0.16794850412214787,0.03142455838953101,-0.05244007202483547,-0.009270834818719919,-0.011669773434599972,0.07855650039770207,-0.04083620814374198,-0.010959269566342819,0.006319682061047582,0.04001125995515958,-0.07968932348800432,0.06538953279825663,0.037377126192772794,0.010202158020427657,0.028755049450207543,0.35391379125559064,0.07644331381368066,0.028067749132556188,0.020170420475622213,-0.003264229524868897,-7.497914490669029e-05,-0.009338001999007127,-0.004639489236692322,0.04256201055647098,-0.018631698763352286,0.022670383492991858,0.09545576934278831,-0.010158508805075624,0.032520964444795936,0.121969044573762,-0.008441308083349811,-0.03351720842062372,0.08855319338737992,-0.08845570421034397,-0.010135324617514757,-0.01582467721871435,0.32102446112877026,-0.02297757228197947,-0.009431794060425608,0.31179428623784117,-0.007891456934045206,0.022118542832900875,-0.06342005639797928,0.2745693568190229,-0.0747101363311684,-0.036910803931986376,-0.03843031234979992,0.0024676949022327207,-0.015650776885569425
Ruby,0.014031891944343481,0.014031891944343481,0.08762237467909485,-0.05619002140054137,0.07510339040058779,0.11811774410341751,0.03722825471069644,0.022633314017751822,0.03236342706111421,-0.03131106342990721,-0.0022293520045205996,-0.015170635837643337,-0.009196494392104518,0.03204264205459284,0.01685675854639279,0.09534223010357702,0.03592646029915983,-0.13543701200594985,-0.03190058031267747,0.06578025217959707,-0.06901928477396212,1.0,0.03435349620917144,-0.03284600149482128,0.0019967140509271476,-0.012127732347074106,0.03469601706245963,-0.01977357981190164,0.10716871171342988,0.016549069237556592,0.01868970482429281,-0.05477547399870191,0.013376680097443031,0.008987296295730998,0.017962270714951708,0.031249351810849434,-0.01740617363979147,0.1521376701364878,0.09117385028951595,0.08863968881162437,-0.009515763743619144,0.27777653885307746,0.06195273463186152,0.1306878376023991,0.2583124719584602,0.09701384466182032,-0.13808710186128254,-0.04839842073705811,0.02134470783929661,0.047035391407307524,0.04836568447640775,0.006122938699972521,0.018153741826886775,0.009205829494698718,-0.028816778636530156,0.002100834312722131,0.003884350749346527,-0.061541816749060084,0.009850158389073991,0.061427075647832896,0.07040597063426468,0.0289678497905081,0.12468498558516972,0.019272325248598718,0.8013512053682043,0.01895460193638107,-0.02528141099970357,-0.11242256434387345,-0.015865486707856005,0.021960316026984207,-0.11243447629054741,0.06349096003764405,0.020234635416606132,0.28773741151375565,-0.08142459861305294,0.17717714641446422,0.05456524759622931,0.10873734215475019,0.017661012608271395,0.012229670030548197
Perl,-0.015422468840689485,-0.015422468840689485,0.02071764825345533,0.12465218494238031,0.01685689964362804,0.002078623804480448,0.06845968534277828,0.10387728124814528,0.01739569016823013,0.0776817959751175,0.11558585923957766,0.1907910238548453,0.04953064590139229,0.009298522445242445,-0.05432169437437787,0.14934299668351841,0.043534983944410875,-0.03633618081325857,0.068281272311465,-0.0018583162400725704,0.03217611008712866,0.03435349620917144,1.0,0.03970696277884002,-0.00636471750342117,0.0025766068736087847,0.03281323732044789,0.024546920474656,0.06384622950586374,-0.0007537470888997633,-0.01642961223646467,0.022949403115603405,0.024111936728320224,-0.01755961576440106,0.01499728931494329,0.04741884318525182,-0.0008901106091571256,0.005141815703272882,0.015530567846566838,0.005309044321983681,0.0714798254036484,0.027141808202082115,0.09403786556435624,0.040736818189673625,0.01250196135681434,0.0882064207624973,-0.019224349207251655,0.08910951101113755,0.007900366737176196,0.13283073216191635,-0.0041927827384570845,0.027608725383701318,-0.016783257757018246,0.034761871752236606,0.017695264386111537,0.034543600156911936,0.04429204231556241,-0.025967313279480292,0.03453443238671437,-0.01352404749857033,0.052552385683855556,-0.018629178242563674,-0.05691936796228745,0.021304656971279763,0.01781301134859426,0.02278208411381767,-0.013705997512872409,-0.04636988237700814,0.030068719270077492,-0.012639429006409408,-0.025498471335621865,-0.0035819840353961394,0.06345581576693742,-0.02116884406845417,-0.02534071881518908,0.0027458489172686924,0.024165739071103295,0.014395204031111178,0.026742393278566867,0.024782892371082912
